	Unicorn_gene1a	Pegasus_gene1a	Unicorn_gene1b	Pegasus_gene1b	Pegasus_gene1c	Horse_gene1
Unicorn_gene1a	0	0.306	0.474	0.472	0.467	0.49
Pegasus_gene1a	0.306	0	0.492	0.479	0.479	0.499
Unicorn_gene1b	0.474	0.492	0	0.302	0.3	0.469
Pegasus_gene1b	0.472	0.479	0.302	0	0.144	0.457
Pegasus_gene1c	0.467	0.479	0.3	0.144	0	0.47
Horse_gene1	0.49	0.499	0.469	0.457	0.47	0
